0 , 0 , 1
0 , 85 , 1
0 , 209 , 1
1 , 221 , 1
1 , 1 , 1
2 , 19 , 1
2 , 12 , 1
2 , 82 , 1
2 , 2 , 1
2 , 117 , 1
2 , 175 , 1
2 , 68 , 1
3 , 55 , 1
3 , 149 , 1
3 , 196 , 1
3 , 74 , 1
3 , 123 , 1
3 , 51 , 1
3 , 145 , 1
3 , 92 , 1
3 , 3 , 1
3 , 170 , 1
4 , 204 , 1
4 , 89 , 1
4 , 29 , 1
4 , 148 , 1
4 , 238 , 1
4 , 98 , 1
4 , 132 , 1
4 , 4 , 1
5 , 236 , 1
5 , 65 , 1
5 , 10 , 1
5 , 5 , 1
5 , 111 , 1
5 , 48 , 1
6 , 28 , 1
6 , 232 , 1
7 , 205 , 1
7 , 60 , 1
7 , 66 , 1
7 , 123 , 1
7 , 7 , 1
7 , 169 , 1
7 , 204 , 1
8 , 118 , 1
8 , 134 , 1
8 , 133 , 1
8 , 8 , 1
8 , 198 , 1
8 , 188 , 1
8 , 250 , 1
8 , 179 , 1
8 , 57 , 1
9 , 9 , 1
9 , 44 , 1
9 , 58 , 1
10 , 116 , 1
10 , 74 , 1
10 , 10 , 1
10 , 61 , 1
10 , 204 , 1
10 , 175 , 1
10 , 18 , 1
10 , 5 , 1
10 , 68 , 1
10 , 79 , 1
10 , 205 , 1
11 , 94 , 1
11 , 40 , 1
11 , 11 , 1
11 , 129 , 1
11 , 199 , 1
12 , 117 , 1
12 , 82 , 1
12 , 175 , 1
12 , 68 , 1
12 , 2 , 1
12 , 12 , 1
13 , 227 , 1
13 , 13 , 1
13 , 146 , 1
13 , 204 , 1
13 , 87 , 1
14 , 91 , 1
14 , 14 , 1
14 , 130 , 1
15 , 247 , 1
15 , 15 , 1
15 , 31 , 1
15 , 38 , 1
15 , 44 , 1
16 , 167 , 1
16 , 47 , 1
16 , 16 , 1
16 , 45 , 1
16 , 124 , 1
17 , 28 , 1
17 , 55 , 1
17 , 17 , 1
17 , 121 , 1
17 , 186 , 1
17 , 3 , 1
17 , 172 , 1
17 , 27 , 1
17 , 150 , 1
17 , 170 , 1
18 , 46 , 1
18 , 155 , 1
18 , 44 , 1
18 , 69 , 1
18 , 211 , 1
18 , 170 , 1
18 , 90 , 1
18 , 10 , 1
18 , 204 , 1
18 , 178 , 1
18 , 76 , 1
18 , 133 , 1
18 , 39 , 1
18 , 100 , 1
18 , 175 , 1
18 , 222 , 1
18 , 216 , 1
18 , 189 , 1
18 , 185 , 1
18 , 127 , 1
18 , 208 , 1
18 , 65 , 1
18 , 95 , 1
18 , 148 , 1
18 , 6 , 1
18 , 19 , 1
18 , 24 , 1
18 , 40 , 1
18 , 250 , 1
18 , 5 , 1
18 , 2 , 1
18 , 171 , 1
18 , 68 , 1
18 , 18 , 1
18 , 102 , 1
18 , 79 , 1
18 , 161 , 1
19 , 18 , 1
19 , 19 , 1
19 , 208 , 1
19 , 46 , 1
19 , 189 , 1
20 , 49 , 1
20 , 20 , 1
20 , 186 , 1
20 , 46 , 1
20 , 28 , 1
20 , 110 , 1
20 , 6 , 1
20 , 232 , 1
20 , 106 , 1
20 , 170 , 1
21 , 21 , 1
21 , 19 , 1
21 , 70 , 1
22 , 22 , 1
22 , 185 , 1
22 , 166 , 1
22 , 26 , 1
23 , 227 , 1
23 , 23 , 1
23 , 204 , 1
23 , 146 , 1
23 , 87 , 1
23 , 13 , 1
24 , 234 , 1
24 , 31 , 1
24 , 18 , 1
24 , 38 , 1
24 , 113 , 1
24 , 69 , 1
24 , 24 , 1
24 , 161 , 1
24 , 183 , 1
24 , 228 , 1
24 , 116 , 1
24 , 167 , 1
24 , 168 , 1
25 , 231 , 1
25 , 25 , 1
25 , 236 , 1
25 , 141 , 1
25 , 86 , 1
26 , 90 , 1
26 , 166 , 1
26 , 189 , 1
26 , 26 , 1
26 , 22 , 1
26 , 185 , 1
27 , 149 , 1
27 , 121 , 1
27 , 27 , 1
27 , 172 , 1
27 , 233 , 1
27 , 170 , 1
28 , 36 , 1
28 , 186 , 1
28 , 225 , 1
28 , 160 , 1
28 , 174 , 1
28 , 177 , 1
28 , 28 , 1
28 , 49 , 1
28 , 106 , 1
28 , 60 , 1
28 , 103 , 1
28 , 232 , 1
28 , 110 , 1
28 , 129 , 1
28 , 6 , 1
28 , 72 , 1
29 , 140 , 1
29 , 159 , 1
29 , 206 , 1
29 , 29 , 1
29 , 204 , 1
29 , 146 , 1
29 , 40 , 1
29 , 137 , 1
29 , 89 , 1
29 , 86 , 1
30 , 160 , 1
30 , 30 , 1
30 , 28 , 1
30 , 72 , 1
30 , 190 , 1
31 , 57 , 1
31 , 44 , 1
31 , 99 , 1
31 , 239 , 1
31 , 65 , 1
31 , 193 , 1
31 , 128 , 1
31 , 214 , 1
31 , 24 , 1
31 , 15 , 1
31 , 247 , 1
31 , 234 , 1
31 , 67 , 1
31 , 31 , 1
31 , 38 , 1
31 , 164 , 1
32 , 36 , 1
32 , 204 , 1
32 , 160 , 1
32 , 227 , 1
32 , 74 , 1
32 , 66 , 1
32 , 87 , 1
32 , 111 , 1
32 , 32 , 1
32 , 219 , 1
32 , 168 , 1
33 , 174 , 1
33 , 249 , 1
33 , 33 , 1
34 , 34 , 1
34 , 149 , 1
35 , 211 , 1
35 , 35 , 1
36 , 36 , 1
37 , 51 , 1
37 , 71 , 1
37 , 196 , 1
37 , 148 , 1
37 , 41 , 1
37 , 216 , 1
37 , 130 , 1
37 , 37 , 1
37 , 158 , 1
37 , 165 , 1
37 , 46 , 1
37 , 40 , 1
37 , 39 , 1
38 , 15 , 1
38 , 44 , 1
38 , 234 , 1
38 , 31 , 1
38 , 24 , 1
38 , 99 , 1
38 , 247 , 1
38 , 38 , 1
38 , 239 , 1
39 , 218 , 1
39 , 37 , 1
39 , 51 , 1
39 , 152 , 1
39 , 71 , 1
39 , 158 , 1
39 , 130 , 1
39 , 216 , 1
39 , 40 , 1
39 , 39 , 1
39 , 196 , 1
39 , 83 , 1
39 , 41 , 1
39 , 178 , 1
39 , 46 , 1
39 , 165 , 1
39 , 148 , 1
40 , 39 , 1
40 , 177 , 1
40 , 178 , 1
40 , 13 , 1
40 , 148 , 1
40 , 165 , 1
40 , 40 , 1
40 , 87 , 1
40 , 46 , 1
40 , 238 , 1
41 , 40 , 1
41 , 93 , 1
41 , 41 , 1
41 , 37 , 1
41 , 165 , 1
41 , 216 , 1
41 , 148 , 1
41 , 51 , 1
41 , 200 , 1
41 , 68 , 1
41 , 211 , 1
41 , 158 , 1
41 , 245 , 1
41 , 71 , 1
41 , 185 , 1
41 , 35 , 1
42 , 66 , 1
42 , 215 , 1
42 , 42 , 1
43 , 231 , 1
43 , 28 , 1
43 , 177 , 1
43 , 186 , 1
43 , 106 , 1
43 , 103 , 1
43 , 49 , 1
43 , 232 , 1
43 , 6 , 1
44 , 15 , 1
44 , 103 , 1
44 , 44 , 1
44 , 9 , 1
44 , 31 , 1
44 , 38 , 1
44 , 239 , 1
44 , 247 , 1
45 , 116 , 1
45 , 45 , 1
45 , 47 , 1
45 , 124 , 1
45 , 167 , 1
45 , 144 , 1
45 , 227 , 1
45 , 131 , 1
45 , 40 , 1
46 , 158 , 1
46 , 20 , 1
46 , 130 , 1
46 , 177 , 1
46 , 171 , 1
46 , 59 , 1
46 , 46 , 1
47 , 124 , 1
47 , 167 , 1
47 , 16 , 1
47 , 47 , 1
48 , 48 , 1
48 , 61 , 1
48 , 205 , 1
49 , 49 , 1
49 , 94 , 1
49 , 127 , 1
49 , 28 , 1
50 , 50 , 1
50 , 77 , 1
50 , 207 , 1
50 , 154 , 1
51 , 39 , 1
51 , 51 , 1
51 , 196 , 1
51 , 216 , 1
51 , 218 , 1
51 , 152 , 1
51 , 130 , 1
51 , 165 , 1
51 , 178 , 1
52 , 52 , 1
52 , 247 , 1
52 , 9 , 1
52 , 58 , 1
53 , 53 , 1
53 , 135 , 1
53 , 109 , 1
53 , 14 , 1
54 , 203 , 1
54 , 107 , 1
54 , 202 , 1
54 , 54 , 1
55 , 197 , 1
55 , 172 , 1
55 , 235 , 1
55 , 55 , 1
55 , 170 , 1
55 , 121 , 1
55 , 92 , 1
55 , 3 , 1
55 , 150 , 1
56 , 56 , 1
56 , 186 , 1
57 , 31 , 1
57 , 188 , 1
57 , 133 , 1
57 , 8 , 1
57 , 134 , 1
57 , 198 , 1
57 , 57 , 1
57 , 118 , 1
57 , 250 , 1
58 , 239 , 1
58 , 58 , 1
58 , 9 , 1
59 , 46 , 1
59 , 59 , 1
59 , 155 , 1
60 , 103 , 1
60 , 13 , 1
60 , 28 , 1
60 , 7 , 1
60 , 204 , 1
60 , 66 , 1
60 , 60 , 1
60 , 227 , 1
61 , 48 , 1
61 , 238 , 1
61 , 61 , 1
61 , 205 , 1
61 , 10 , 1
61 , 7 , 1
61 , 189 , 1
61 , 204 , 1
62 , 62 , 1
63 , 107 , 1
63 , 142 , 1
63 , 63 , 1
63 , 139 , 1
63 , 195 , 1
63 , 113 , 1
63 , 163 , 1
65 , 55 , 1
65 , 122 , 1
65 , 65 , 1
65 , 102 , 1
65 , 75 , 1
65 , 214 , 1
65 , 67 , 1
65 , 149 , 1
65 , 31 , 1
65 , 141 , 1
65 , 84 , 1
65 , 164 , 1
65 , 5 , 1
65 , 145 , 1
64 , 64 , 1
64 , 36 , 1
64 , 248 , 1
66 , 66 , 1
66 , 7 , 1
66 , 60 , 1
66 , 140 , 1
66 , 141 , 1
66 , 42 , 1
66 , 29 , 1
66 , 98 , 1
66 , 169 , 1
66 , 70 , 1
66 , 244 , 1
66 , 166 , 1
66 , 111 , 1
66 , 204 , 1
66 , 148 , 1
66 , 206 , 1
66 , 123 , 1
67 , 164 , 1
67 , 214 , 1
67 , 67 , 1
67 , 194 , 1
67 , 65 , 1
67 , 149 , 1
67 , 31 , 1
67 , 128 , 1
68 , 68 , 1
68 , 2 , 1
68 , 41 , 1
68 , 12 , 1
68 , 82 , 1
68 , 175 , 1
69 , 24 , 1
69 , 228 , 1
69 , 161 , 1
69 , 69 , 1
70 , 84 , 1
70 , 141 , 1
70 , 70 , 1
70 , 28 , 1
70 , 66 , 1
70 , 91 , 1
70 , 231 , 1
71 , 204 , 1
71 , 152 , 1
71 , 40 , 1
71 , 71 , 1
71 , 216 , 1
71 , 178 , 1
71 , 165 , 1
71 , 46 , 1
72 , 72 , 1
72 , 55 , 1
72 , 30 , 1
72 , 148 , 1
72 , 177 , 1
72 , 28 , 1
72 , 209 , 1
72 , 225 , 1
72 , 170 , 1
72 , 190 , 1
72 , 160 , 1
73 , 76 , 1
73 , 98 , 1
73 , 36 , 1
73 , 105 , 1
73 , 73 , 1
74 , 177 , 1
74 , 74 , 1
74 , 211 , 1
74 , 148 , 1
74 , 29 , 1
74 , 169 , 1
74 , 164 , 1
74 , 10 , 1
74 , 216 , 1
74 , 3 , 1
74 , 41 , 1
74 , 239 , 1
74 , 111 , 1
74 , 204 , 1
74 , 234 , 1
74 , 66 , 1
74 , 83 , 1
74 , 40 , 1
74 , 97 , 1
74 , 238 , 1
74 , 146 , 1
75 , 145 , 1
75 , 149 , 1
75 , 67 , 1
75 , 184 , 1
75 , 75 , 1
75 , 65 , 1
76 , 76 , 1
76 , 105 , 1
76 , 73 , 1
77 , 29 , 1
77 , 50 , 1
77 , 173 , 1
77 , 92 , 1
77 , 77 , 1
78 , 170 , 1
78 , 186 , 1
78 , 28 , 1
78 , 78 , 1
78 , 240 , 1
78 , 199 , 1
79 , 10 , 1
79 , 79 , 1
80 , 149 , 1
80 , 33 , 1
80 , 80 , 1
81 , 151 , 1
81 , 213 , 1
81 , 136 , 1
81 , 120 , 1
81 , 54 , 1
81 , 230 , 1
81 , 81 , 1
82 , 82 , 1
82 , 12 , 1
82 , 175 , 1
82 , 68 , 1
82 , 117 , 1
82 , 2 , 1
83 , 83 , 1
83 , 200 , 1
83 , 165 , 1
83 , 74 , 1
84 , 84 , 1
84 , 65 , 1
85 , 209 , 1
85 , 85 , 1
85 , 0 , 1
86 , 140 , 1
86 , 86 , 1
86 , 89 , 1
86 , 132 , 1
86 , 29 , 1
86 , 169 , 1
87 , 87 , 1
87 , 227 , 1
87 , 204 , 1
87 , 13 , 1
88 , 249 , 1
88 , 40 , 1
88 , 94 , 1
88 , 199 , 1
88 , 231 , 1
88 , 28 , 1
88 , 11 , 1
88 , 49 , 1
88 , 129 , 1
89 , 140 , 1
89 , 86 , 1
89 , 128 , 1
89 , 169 , 1
89 , 105 , 1
89 , 29 , 1
89 , 89 , 1
90 , 59 , 1
90 , 26 , 1
90 , 90 , 1
90 , 155 , 1
90 , 127 , 1
90 , 189 , 1
90 , 185 , 1
90 , 148 , 1
91 , 91 , 1
92 , 77 , 1
92 , 111 , 1
92 , 3 , 1
92 , 66 , 1
92 , 92 , 1
92 , 55 , 1
92 , 28 , 1
93 , 93 , 1
93 , 41 , 1
93 , 185 , 1
93 , 102 , 1
94 , 129 , 1
94 , 199 , 1
94 , 28 , 1
94 , 186 , 1
94 , 104 , 1
94 , 114 , 1
94 , 91 , 1
94 , 232 , 1
94 , 6 , 1
94 , 94 , 1
94 , 11 , 1
94 , 49 , 1
94 , 40 , 1
95 , 156 , 1
95 , 95 , 1
95 , 222 , 1
96 , 96 , 1
97 , 65 , 1
97 , 74 , 1
97 , 73 , 1
97 , 89 , 1
97 , 76 , 1
97 , 97 , 1
98 , 204 , 1
98 , 66 , 1
98 , 98 , 1
98 , 226 , 1
99 , 99 , 1
99 , 38 , 1
99 , 31 , 1
100 , 100 , 1
100 , 41 , 1
100 , 171 , 1
100 , 93 , 1
100 , 46 , 1
100 , 194 , 1
101 , 54 , 1
101 , 230 , 1
101 , 126 , 1
101 , 107 , 1
101 , 157 , 1
101 , 213 , 1
101 , 101 , 1
101 , 151 , 1
102 , 19 , 1
102 , 194 , 1
102 , 93 , 1
102 , 164 , 1
102 , 102 , 1
102 , 185 , 1
102 , 148 , 1
102 , 65 , 1
102 , 189 , 1
102 , 84 , 1
102 , 155 , 1
103 , 98 , 1
103 , 247 , 1
103 , 103 , 1
103 , 60 , 1
103 , 43 , 1
103 , 7 , 1
103 , 123 , 1
103 , 28 , 1
103 , 204 , 1
103 , 110 , 1
104 , 233 , 1
104 , 114 , 1
104 , 94 , 1
104 , 104 , 1
104 , 129 , 1
104 , 174 , 1
104 , 121 , 1
104 , 167 , 1
104 , 173 , 1
104 , 3 , 1
105 , 89 , 1
105 , 123 , 1
105 , 73 , 1
105 , 105 , 1
105 , 140 , 1
105 , 204 , 1
106 , 177 , 1
106 , 106 , 1
106 , 6 , 1
106 , 200 , 1
106 , 232 , 1
107 , 157 , 1
107 , 237 , 1
107 , 202 , 1
107 , 107 , 1
107 , 230 , 1
107 , 54 , 1
107 , 180 , 1
107 , 101 , 1
107 , 142 , 1
107 , 213 , 1
107 , 151 , 1
107 , 136 , 1
107 , 195 , 1
108 , 125 , 1
108 , 108 , 1
109 , 103 , 1
109 , 109 , 1
109 , 14 , 1
109 , 19 , 1
109 , 53 , 1
109 , 95 , 1
109 , 74 , 1
109 , 41 , 1
109 , 135 , 1
110 , 49 , 1
110 , 186 , 1
110 , 106 , 1
110 , 177 , 1
110 , 6 , 1
110 , 232 , 1
110 , 28 , 1
111 , 96 , 1
111 , 58 , 1
111 , 32 , 1
111 , 111 , 1
111 , 5 , 1
111 , 7 , 1
111 , 66 , 1
111 , 204 , 1
111 , 92 , 1
111 , 29 , 1
112 , 209 , 1
112 , 112 , 1
113 , 113 , 1
114 , 114 , 1
114 , 104 , 1
114 , 131 , 1
114 , 238 , 1
115 , 188 , 1
115 , 114 , 1
115 , 115 , 1
115 , 129 , 1
116 , 116 , 1
116 , 10 , 1
116 , 45 , 1
116 , 183 , 1
116 , 167 , 1
117 , 117 , 1
117 , 12 , 1
117 , 2 , 1
117 , 175 , 1
117 , 159 , 1
117 , 82 , 1
118 , 188 , 1
118 , 198 , 1
118 , 8 , 1
118 , 192 , 1
118 , 134 , 1
118 , 57 , 1
118 , 250 , 1
118 , 118 , 1
118 , 133 , 1
119 , 119 , 1
119 , 210 , 1
119 , 62 , 1
120 , 213 , 1
120 , 120 , 1
120 , 195 , 1
121 , 55 , 1
121 , 121 , 1
121 , 170 , 1
121 , 172 , 1
122 , 170 , 1
122 , 122 , 1
122 , 149 , 1
122 , 65 , 1
122 , 172 , 1
122 , 164 , 1
122 , 150 , 1
122 , 3 , 1
123 , 103 , 1
123 , 66 , 1
123 , 123 , 1
123 , 42 , 1
123 , 98 , 1
124 , 16 , 1
124 , 167 , 1
124 , 45 , 1
124 , 47 , 1
124 , 144 , 1
124 , 227 , 1
124 , 124 , 1
124 , 131 , 1
125 , 226 , 1
125 , 105 , 1
125 , 193 , 1
125 , 146 , 1
125 , 125 , 1
125 , 204 , 1
125 , 108 , 1
125 , 148 , 1
125 , 169 , 1
126 , 213 , 1
126 , 136 , 1
126 , 126 , 1
127 , 127 , 1
128 , 169 , 1
128 , 164 , 1
128 , 31 , 1
128 , 3 , 1
128 , 65 , 1
128 , 67 , 1
128 , 44 , 1
128 , 38 , 1
128 , 204 , 1
128 , 247 , 1
128 , 105 , 1
128 , 128 , 1
128 , 89 , 1
128 , 234 , 1
129 , 129 , 1
129 , 28 , 1
129 , 11 , 1
130 , 249 , 1
130 , 113 , 1
130 , 83 , 1
130 , 39 , 1
130 , 148 , 1
130 , 152 , 1
130 , 46 , 1
130 , 158 , 1
130 , 165 , 1
130 , 51 , 1
130 , 71 , 1
130 , 171 , 1
130 , 218 , 1
130 , 130 , 1
130 , 178 , 1
130 , 208 , 1
130 , 91 , 1
130 , 216 , 1
131 , 40 , 1
131 , 124 , 1
131 , 45 , 1
131 , 227 , 1
131 , 30 , 1
131 , 131 , 1
132 , 137 , 1
132 , 29 , 1
132 , 68 , 1
132 , 4 , 1
132 , 132 , 1
133 , 57 , 1
133 , 250 , 1
133 , 8 , 1
133 , 192 , 1
133 , 133 , 1
133 , 118 , 1
133 , 164 , 1
133 , 188 , 1
133 , 134 , 1
133 , 179 , 1
133 , 198 , 1
134 , 57 , 1
134 , 133 , 1
134 , 188 , 1
134 , 134 , 1
134 , 192 , 1
134 , 118 , 1
134 , 179 , 1
134 , 250 , 1
134 , 8 , 1
135 , 14 , 1
135 , 109 , 1
135 , 216 , 1
135 , 53 , 1
135 , 135 , 1
136 , 54 , 1
136 , 81 , 1
136 , 120 , 1
136 , 151 , 1
136 , 107 , 1
136 , 213 , 1
136 , 195 , 1
137 , 137 , 1
138 , 54 , 1
138 , 138 , 1
138 , 237 , 1
138 , 151 , 1
139 , 139 , 1
139 , 162 , 1
139 , 195 , 1
139 , 163 , 1
139 , 63 , 1
139 , 142 , 1
140 , 206 , 1
140 , 140 , 1
140 , 123 , 1
140 , 148 , 1
140 , 84 , 1
140 , 244 , 1
140 , 61 , 1
140 , 29 , 1
140 , 169 , 1
140 , 204 , 1
140 , 89 , 1
140 , 159 , 1
140 , 40 , 1
140 , 66 , 1
140 , 42 , 1
140 , 175 , 1
140 , 4 , 1
140 , 68 , 1
140 , 105 , 1
140 , 98 , 1
140 , 238 , 1
140 , 86 , 1
140 , 137 , 1
140 , 60 , 1
141 , 206 , 1
141 , 66 , 1
141 , 65 , 1
141 , 141 , 1
141 , 185 , 1
141 , 123 , 1
141 , 42 , 1
141 , 169 , 1
141 , 204 , 1
141 , 171 , 1
142 , 151 , 1
142 , 142 , 1
142 , 195 , 1
142 , 54 , 1
142 , 139 , 1
142 , 107 , 1
142 , 201 , 1
142 , 63 , 1
142 , 163 , 1
143 , 174 , 1
143 , 143 , 1
144 , 124 , 1
144 , 45 , 1
144 , 16 , 1
144 , 144 , 1
145 , 145 , 1
145 , 28 , 1
145 , 160 , 1
145 , 3 , 1
145 , 247 , 1
145 , 49 , 1
145 , 64 , 1
145 , 164 , 1
145 , 34 , 1
145 , 149 , 1
145 , 170 , 1
146 , 200 , 1
146 , 227 , 1
146 , 146 , 1
146 , 204 , 1
146 , 13 , 1
146 , 215 , 1
147 , 58 , 1
147 , 147 , 1
148 , 152 , 1
148 , 165 , 1
148 , 40 , 1
148 , 98 , 1
148 , 231 , 1
148 , 130 , 1
148 , 155 , 1
148 , 39 , 1
148 , 158 , 1
148 , 72 , 1
148 , 216 , 1
148 , 106 , 1
148 , 83 , 1
148 , 41 , 1
148 , 232 , 1
148 , 200 , 1
148 , 178 , 1
148 , 189 , 1
148 , 6 , 1
148 , 28 , 1
148 , 148 , 1
148 , 37 , 1
148 , 66 , 1
148 , 177 , 1
148 , 46 , 1
148 , 51 , 1
148 , 242 , 1
148 , 193 , 1
148 , 185 , 1
148 , 71 , 1
149 , 80 , 1
149 , 3 , 1
149 , 121 , 1
149 , 65 , 1
149 , 170 , 1
149 , 150 , 1
149 , 149 , 1
150 , 170 , 1
150 , 149 , 1
150 , 34 , 1
151 , 107 , 1
151 , 203 , 1
151 , 151 , 1
151 , 138 , 1
152 , 39 , 1
152 , 218 , 1
152 , 71 , 1
152 , 51 , 1
152 , 152 , 1
153 , 204 , 1
153 , 123 , 1
153 , 169 , 1
153 , 61 , 1
153 , 66 , 1
153 , 7 , 1
153 , 58 , 1
153 , 10 , 1
153 , 153 , 1
154 , 154 , 1
154 , 50 , 1
154 , 207 , 1
154 , 229 , 1
155 , 189 , 1
155 , 59 , 1
155 , 102 , 1
155 , 155 , 1
156 , 185 , 1
156 , 116 , 1
156 , 216 , 1
156 , 91 , 1
156 , 166 , 1
156 , 156 , 1
156 , 105 , 1
156 , 95 , 1
157 , 101 , 1
157 , 54 , 1
157 , 237 , 1
157 , 157 , 1
158 , 158 , 1
158 , 165 , 1
159 , 117 , 1
159 , 206 , 1
159 , 140 , 1
159 , 29 , 1
159 , 40 , 1
159 , 4 , 1
159 , 132 , 1
159 , 66 , 1
159 , 148 , 1
159 , 204 , 1
159 , 68 , 1
159 , 238 , 1
159 , 137 , 1
159 , 159 , 1
160 , 72 , 1
160 , 28 , 1
160 , 160 , 1
161 , 69 , 1
161 , 161 , 1
161 , 18 , 1
161 , 228 , 1
161 , 167 , 1
161 , 24 , 1
162 , 162 , 1
162 , 163 , 1
162 , 139 , 1
163 , 163 , 1
163 , 195 , 1
163 , 142 , 1
163 , 63 , 1
163 , 162 , 1
163 , 139 , 1
164 , 31 , 1
164 , 214 , 1
164 , 164 , 1
164 , 65 , 1
164 , 67 , 1
165 , 178 , 1
165 , 216 , 1
165 , 130 , 1
165 , 71 , 1
166 , 66 , 1
166 , 22 , 1
166 , 194 , 1
166 , 185 , 1
166 , 166 , 1
167 , 16 , 1
167 , 6 , 1
167 , 124 , 1
167 , 116 , 1
167 , 23 , 1
167 , 114 , 1
167 , 45 , 1
167 , 228 , 1
167 , 183 , 1
167 , 232 , 1
167 , 161 , 1
167 , 24 , 1
167 , 28 , 1
167 , 95 , 1
167 , 186 , 1
167 , 47 , 1
167 , 144 , 1
167 , 104 , 1
167 , 40 , 1
167 , 167 , 1
168 , 32 , 1
168 , 181 , 1
168 , 62 , 1
168 , 168 , 1
168 , 24 , 1
169 , 86 , 1
169 , 89 , 1
169 , 169 , 1
169 , 204 , 1
169 , 66 , 1
169 , 140 , 1
169 , 7 , 1
170 , 244 , 1
170 , 233 , 1
170 , 186 , 1
170 , 172 , 1
170 , 235 , 1
170 , 170 , 1
170 , 122 , 1
170 , 17 , 1
170 , 3 , 1
170 , 150 , 1
170 , 28 , 1
170 , 55 , 1
170 , 148 , 1
170 , 72 , 1
170 , 121 , 1
170 , 197 , 1
171 , 130 , 1
171 , 171 , 1
172 , 150 , 1
172 , 174 , 1
172 , 186 , 1
172 , 3 , 1
172 , 197 , 1
172 , 149 , 1
172 , 244 , 1
172 , 28 , 1
172 , 170 , 1
172 , 121 , 1
172 , 55 , 1
172 , 235 , 1
173 , 170 , 1
173 , 184 , 1
173 , 3 , 1
173 , 173 , 1
173 , 149 , 1
173 , 104 , 1
174 , 174 , 1
175 , 117 , 1
175 , 12 , 1
175 , 68 , 1
175 , 10 , 1
175 , 82 , 1
175 , 175 , 1
175 , 2 , 1
176 , 23 , 1
176 , 216 , 1
176 , 221 , 1
176 , 35 , 1
176 , 176 , 1
176 , 46 , 1
177 , 98 , 1
177 , 231 , 1
177 , 28 , 1
177 , 148 , 1
177 , 177 , 1
177 , 46 , 1
177 , 130 , 1
177 , 106 , 1
178 , 71 , 1
178 , 165 , 1
178 , 51 , 1
178 , 216 , 1
178 , 178 , 1
178 , 218 , 1
178 , 40 , 1
178 , 204 , 1
179 , 250 , 1
179 , 145 , 1
179 , 179 , 1
179 , 134 , 1
179 , 118 , 1
179 , 57 , 1
179 , 188 , 1
179 , 8 , 1
179 , 133 , 1
180 , 230 , 1
180 , 81 , 1
180 , 54 , 1
180 , 213 , 1
180 , 157 , 1
180 , 180 , 1
180 , 107 , 1
180 , 136 , 1
180 , 101 , 1
180 , 126 , 1
181 , 181 , 1
181 , 46 , 1
181 , 168 , 1
181 , 174 , 1
181 , 215 , 1
182 , 244 , 1
182 , 145 , 1
182 , 28 , 1
182 , 106 , 1
182 , 221 , 1
182 , 182 , 1
184 , 235 , 1
184 , 170 , 1
184 , 75 , 1
184 , 173 , 1
184 , 184 , 1
184 , 145 , 1
185 , 189 , 1
185 , 185 , 1
185 , 93 , 1
186 , 186 , 1
186 , 170 , 1
186 , 28 , 1
186 , 78 , 1
187 , 221 , 1
187 , 1 , 1
188 , 8 , 1
188 , 250 , 1
188 , 188 , 1
188 , 133 , 1
188 , 198 , 1
188 , 134 , 1
188 , 118 , 1
188 , 57 , 1
188 , 192 , 1
189 , 208 , 1
189 , 148 , 1
189 , 90 , 1
189 , 42 , 1
189 , 127 , 1
189 , 155 , 1
189 , 189 , 1
189 , 48 , 1
189 , 185 , 1
189 , 26 , 1
190 , 190 , 1
191 , 70 , 1
191 , 200 , 1
191 , 28 , 1
191 , 14 , 1
191 , 72 , 1
191 , 191 , 1
192 , 188 , 1
192 , 198 , 1
192 , 8 , 1
192 , 57 , 1
192 , 133 , 1
192 , 118 , 1
192 , 250 , 1
192 , 149 , 1
192 , 192 , 1
193 , 242 , 1
193 , 193 , 1
193 , 31 , 1
193 , 249 , 1
193 , 148 , 1
194 , 166 , 1
194 , 194 , 1
194 , 67 , 1
195 , 230 , 1
195 , 107 , 1
195 , 136 , 1
195 , 142 , 1
195 , 139 , 1
195 , 213 , 1
195 , 120 , 1
195 , 195 , 1
196 , 3 , 1
196 , 196 , 1
196 , 51 , 1
197 , 235 , 1
197 , 55 , 1
198 , 57 , 1
198 , 198 , 1
198 , 118 , 1
198 , 188 , 1
198 , 133 , 1
199 , 240 , 1
199 , 6 , 1
199 , 11 , 1
199 , 28 , 1
199 , 199 , 1
199 , 49 , 1
199 , 127 , 1
199 , 129 , 1
199 , 186 , 1
199 , 232 , 1
199 , 40 , 1
199 , 106 , 1
200 , 146 , 1
200 , 106 , 1
200 , 200 , 1
201 , 201 , 1
201 , 142 , 1
201 , 63 , 1
201 , 195 , 1
202 , 107 , 1
202 , 136 , 1
202 , 202 , 1
202 , 54 , 1
202 , 237 , 1
203 , 213 , 1
203 , 203 , 1
203 , 151 , 1
203 , 54 , 1
203 , 230 , 1
203 , 107 , 1
204 , 98 , 1
204 , 146 , 1
204 , 141 , 1
204 , 87 , 1
204 , 86 , 1
204 , 105 , 1
204 , 137 , 1
204 , 140 , 1
204 , 60 , 1
204 , 103 , 1
204 , 7 , 1
204 , 61 , 1
204 , 153 , 1
204 , 29 , 1
204 , 204 , 1
204 , 169 , 1
204 , 40 , 1
204 , 215 , 1
204 , 23 , 1
204 , 42 , 1
204 , 241 , 1
204 , 178 , 1
204 , 111 , 1
204 , 74 , 1
204 , 66 , 1
204 , 89 , 1
204 , 227 , 1
204 , 13 , 1
204 , 96 , 1
204 , 200 , 1
205 , 61 , 1
205 , 205 , 1
205 , 48 , 1
205 , 7 , 1
205 , 204 , 1
206 , 98 , 1
206 , 123 , 1
206 , 206 , 1
206 , 140 , 1
206 , 66 , 1
206 , 141 , 1
207 , 154 , 1
207 , 50 , 1
207 , 229 , 1
207 , 207 , 1
208 , 204 , 1
208 , 189 , 1
208 , 95 , 1
208 , 208 , 1
208 , 18 , 1
209 , 85 , 1
209 , 209 , 1
210 , 119 , 1
210 , 62 , 1
211 , 41 , 1
211 , 211 , 1
211 , 74 , 1
211 , 35 , 1
211 , 189 , 1
212 , 85 , 1
212 , 212 , 1
212 , 209 , 1
212 , 36 , 1
212 , 40 , 1
213 , 101 , 1
213 , 126 , 1
213 , 180 , 1
213 , 107 , 1
213 , 151 , 1
213 , 120 , 1
213 , 213 , 1
213 , 136 , 1
213 , 54 , 1
213 , 195 , 1
213 , 81 , 1
214 , 214 , 1
214 , 67 , 1
214 , 65 , 1
214 , 31 , 1
214 , 164 , 1
215 , 146 , 1
215 , 215 , 1
215 , 217 , 1
216 , 40 , 1
216 , 218 , 1
216 , 71 , 1
216 , 165 , 1
216 , 51 , 1
216 , 148 , 1
216 , 130 , 1
216 , 158 , 1
216 , 216 , 1
216 , 178 , 1
216 , 46 , 1
216 , 152 , 1
216 , 113 , 1
216 , 91 , 1
216 , 196 , 1
216 , 39 , 1
216 , 176 , 1
216 , 83 , 1
217 , 215 , 1
217 , 217 , 1
218 , 71 , 1
218 , 178 , 1
218 , 158 , 1
218 , 152 , 1
218 , 216 , 1
218 , 51 , 1
218 , 39 , 1
218 , 218 , 1
219 , 181 , 1
219 , 200 , 1
219 , 219 , 1
219 , 174 , 1
219 , 28 , 1
220 , 195 , 1
220 , 107 , 1
220 , 220 , 1
220 , 120 , 1
221 , 221 , 1
222 , 222 , 1
222 , 208 , 1
222 , 95 , 1
222 , 223 , 1
222 , 224 , 1
223 , 222 , 1
223 , 223 , 1
223 , 224 , 1
224 , 95 , 1
224 , 222 , 1
224 , 223 , 1
224 , 224 , 1
224 , 155 , 1
224 , 245 , 1
225 , 28 , 1
225 , 72 , 1
225 , 225 , 1
225 , 30 , 1
226 , 249 , 1
226 , 113 , 1
226 , 226 , 1
227 , 146 , 1
227 , 217 , 1
227 , 227 , 1
227 , 124 , 1
227 , 87 , 1
227 , 13 , 1
227 , 204 , 1
227 , 40 , 1
227 , 131 , 1
228 , 24 , 1
228 , 228 , 1
228 , 69 , 1
228 , 161 , 1
229 , 62 , 1
229 , 229 , 1
230 , 230 , 1
230 , 180 , 1
230 , 202 , 1
230 , 136 , 1
230 , 213 , 1
230 , 151 , 1
230 , 54 , 1
230 , 120 , 1
230 , 195 , 1
230 , 81 , 1
230 , 107 , 1
230 , 157 , 1
231 , 231 , 1
232 , 232 , 1
232 , 6 , 1
232 , 103 , 1
232 , 49 , 1
232 , 167 , 1
232 , 106 , 1
232 , 28 , 1
232 , 148 , 1
233 , 233 , 1
233 , 27 , 1
233 , 170 , 1
250 , 57 , 1
250 , 8 , 1
250 , 250 , 1
250 , 118 , 1
250 , 188 , 1
250 , 192 , 1
250 , 179 , 1
250 , 133 , 1
250 , 134 , 1
234 , 76 , 1
234 , 204 , 1
234 , 239 , 1
234 , 31 , 1
234 , 123 , 1
234 , 73 , 1
234 , 164 , 1
234 , 169 , 1
234 , 234 , 1
234 , 84 , 1
234 , 38 , 1
234 , 7 , 1
234 , 89 , 1
234 , 105 , 1
235 , 197 , 1
235 , 235 , 1
236 , 236 , 1
236 , 5 , 1
236 , 130 , 1
236 , 25 , 1
237 , 237 , 1
238 , 4 , 1
238 , 238 , 1
238 , 159 , 1
238 , 40 , 1
238 , 140 , 1
238 , 29 , 1
239 , 58 , 1
239 , 239 , 1
239 , 105 , 1
239 , 38 , 1
239 , 44 , 1
239 , 31 , 1
240 , 199 , 1
240 , 78 , 1
240 , 240 , 1
240 , 186 , 1
240 , 232 , 1
240 , 28 , 1
241 , 42 , 1
241 , 215 , 1
241 , 204 , 1
241 , 241 , 1
241 , 146 , 1
241 , 82 , 1
242 , 236 , 1
242 , 193 , 1
242 , 96 , 1
242 , 72 , 1
242 , 242 , 1
242 , 148 , 1
243 , 223 , 1
243 , 243 , 1
244 , 140 , 1
244 , 137 , 1
244 , 28 , 1
244 , 244 , 1
245 , 155 , 1
245 , 224 , 1
245 , 41 , 1
245 , 71 , 1
245 , 245 , 1
245 , 46 , 1
246 , 246 , 1
246 , 237 , 1
247 , 247 , 1
247 , 44 , 1
247 , 31 , 1
247 , 123 , 1
247 , 15 , 1
247 , 103 , 1
247 , 38 , 1
248 , 59 , 1
248 , 200 , 1
248 , 248 , 1
248 , 165 , 1
248 , 36 , 1
248 , 64 , 1
248 , 71 , 1
248 , 178 , 1
248 , 39 , 1
248 , 130 , 1
248 , 244 , 1
248 , 211 , 1
248 , 83 , 1
248 , 177 , 1
248 , 41 , 1
249 , 249 , 1
183 , 183 , 1
183 , 236 , 1
183 , 167 , 1
183 , 116 , 1
183 , 24 , 1
183 , 137 , 1
